1 2 12345 172.124.421-12 50.000000 5 11 2020 8 0 
2 2 12345 172.124.421-12 80.000000 6 11 2020 8 0 
3 2 12345 172.124.421-12 100.000000 7 11 2020 8 0 
5 2 82712 642.236.234-44 50.000000 9 11 2020 10 0 
9 1 54321 832.135.287-34 400.000000 8 11 2020 12 0 
6 1 54321 833.135.287-34 230.000000 10 11 2020 14 0 
7 1 54321 888.135.287-34 120.000000 14 11 2020 18 0 
8 1 54321 999.135.287-34 20.000000 29 11 2020 22 0 
9 3 77777 111.111.111-11 120.000000 10 11 2020 11 27 
10 3 88888 222.222.222-22 150.000000 3 12 2020 10 10 
11 3 99999 444.444.444-44 50.000000 5 12 2020 9 0 
12 2 82712 777.777.777-77 50.000000 12 11 2020 0 42 
13 3 99999 912.124.531-12 100.000000 20 12 2020 8 0 
14 3 88888 222.222.222-22 150.000000 23 12 2020 15 0 
15 3 77777 444.444.444-44 45.000000 15 12 2020 9 0 
16 2 82712 598.896.355-11 50.000000 20 12 2020 19 10 
17 3 88888 333.333.333-33 105.000000 10 12 2020 15 0 